﻿FRAME,secs in Event,secs into Track,Duration of Note (secs),Current BPM,BeatsPassed,Total_BeatsPassed,TrackName,Instrument Name,Event,Event2,MidiChannel,Note,Velocity,Value1,Value2,secs till next occurence of same note
0,0,0,0,120,0, 0,bg3a80m,,Sequence or Track name,bg3a80m,,c0,,,,0,
0,0,0,0,120,0, 0,bg3a80m,,Set Tempo(BPM),750000,,c0,,,,0,
0,0,0,0,120,0, 0,bg3a80m,,Time Signature,4...2.24 with 32nd notes to a quarter:8,,c0,,,,0,
0,0,0,0,120,0, 0,bg3a80m,,End of Track,,,c0,,,,0,
0,0,0,0,80,0, 0,name 3a,,Sequence or Track name,name 3a,,c0,,,,0,
13,0.4171875,0.4171875,0.0296875,80,0.55625, 0.55625,name 3a,,Note On,,10,b2,39,,,0.65625,
13,0.0296875,0.446875,0,80,0.0395833333333333, 0.595833333333333,name 3a,,Note Off,,10,b2,127,,,0,
32,0.6265625,1.0734375,0.0203125,80,0.835416666666667, 1.43125,name 3a,,Note On,,10,b2,99,,,0.6171875,
33,0.0203125,1.09375,0,80,0.0270833333333333, 1.45833333333333,name 3a,,Note Off,,10,b2,127,,,0,
51,0.596875,1.690625,0.034375,80,0.795833333333333, 2.25416666666667,name 3a,,Note On,,10,b2,127,,,0.6671875,
52,0.034375,1.725,0,80,0.0458333333333333, 2.3,name 3a,,Note Off,,10,b2,127,,,0,
71,0.6328125,2.3578125,0.0265624999999998,80,0.84375, 3.14375,name 3a,,Note On,,10,b2,127,,,0.6296875,
72,0.0265625,2.384375,0,80,0.0354166666666667, 3.17916666666667,name 3a,,Note Off,,10,b2,127,,,0,
90,0.603125,2.9875,0.03125,80,0.804166666666667, 3.98333333333333,name 3a,,Note On,,10,b2,127,,,0.703125,
91,0.03125,3.01875,0,80,0.0416666666666667, 4.025,name 3a,,Note Off,,10,b2,127,,,0,
111,0.671875,3.690625,0.0328125000000004,80,0.895833333333333, 4.92083333333333,name 3a,,Note On,,10,b2,127,,,0.7453125,
112,0.0328125,3.7234375,0,80,0.04375, 4.96458333333333,name 3a,,Note Off,,10,b2,127,,,0,
133,0.7125,4.4359375,0.0359375000000002,80,0.95, 5.91458333333333,name 3a,,Note On,,10,b2,127,,,0.728125,
134,0.0359375,4.471875,0,80,0.0479166666666667, 5.9625,name 3a,,Note Off,,10,b2,127,,,0,
155,0.6921875,5.1640625,0.0390625,80,0.922916666666667, 6.88541666666667,name 3a,,Note On,,10,b2,127,,,0.7078125,
156,0.0390625,5.203125,0,80,0.0520833333333333, 6.9375,name 3a,,Note Off,,10,b2,127,,,0,
176,0.66875,5.871875,0.03125,80,0.891666666666667, 7.82916666666667,name 3a,,Note On,,10,b2,127,,,0.7859375,
177,0.03125,5.903125,0,80,0.0416666666666667, 7.87083333333333,name 3a,,Note Off,,10,b2,127,,,0,
200,0.7546875,6.6578125,0.046875,80,1.00625, 8.87708333333333,name 3a,,Note On,,10,b2,127,,,0.734375,
201,0.046875,6.7046875,0,80,0.0625, 8.93958333333333,name 3a,,Note Off,,10,b2,127,,,0,
222,0.6875,7.3921875,0.0562499999999995,80,0.916666666666667, 9.85625,name 3a,,Note On,,10,b2,127,,,0.770312499999999,
223,0.05625,7.4484375,0,80,0.075, 9.93125,name 3a,,Note Off,,10,b2,127,,,0,
245,0.7140625,8.1625,0.0703125,80,0.952083333333333, 10.8833333333333,name 3a,,Note On,,10,b2,127,,,0.737500000000001,
247,0.0703125,8.2328125,0,80,0.09375, 10.9770833333333,name 3a,,Note Off,,10,b2,127,,,0,
267,0.6671875,8.9,0.0718750000000004,80,0.889583333333333, 11.8666666666667,name 3a,,Note On,,10,b2,118,,,0.799999999999999,
269,0.071875,8.971875,0,80,0.0958333333333333, 11.9625,name 3a,,Note Off,,10,b2,127,,,0,
291,0.728125,9.7,0.0421875000000007,80,0.970833333333333, 12.9333333333333,name 3a,,Note On,,10,b2,127,,,0.740625000000001,
292,0.0421875,9.7421875,0,80,0.05625, 12.9895833333333,name 3a,,Note Off,,10,b2,127,,,0,
313,0.6984375,10.440625,0.0374999999999996,80,0.93125, 13.9208333333333,name 3a,,Note On,,10,b2,127,,,0.809374999999999,
314,0.0375,10.478125,0,80,0.05, 13.9708333333333,name 3a,,Note Off,,10,b2,127,,,0,
338,0.771875,11.25,0.0390625,80,1.02916666666667, 15,name 3a,,Note On,,10,b2,127,,,0.746874999999999,
339,0.0390625,11.2890625,0,80,0.0520833333333333, 15.0520833333333,name 3a,,Note Off,,10,b2,127,,,0,
360,0.7078125,11.996875,0.046875,80,0.94375, 15.9958333333333,name 3a,,Note On,,10,b2,127,,,0.790625,
361,0.046875,12.04375,0,80,0.0625, 16.0583333333333,name 3a,,Note Off,,10,b2,127,,,0,
384,0.74375,12.7875,0.0296874999999996,80,0.991666666666667, 17.05,name 3a,,Note On,,10,b2,127,,,0.754687500000001,
385,0.0296875,12.8171875,0,80,0.0395833333333333, 17.0895833333333,name 3a,,Note Off,,10,b2,127,,,0,
406,0.725,13.5421875,0.0281249999999993,80,0.966666666666667, 18.05625,name 3a,,Note On,,10,b2,127,,,0.765625,
407,0.028125,13.5703125,0,80,0.0375, 18.09375,name 3a,,Note Off,,10,b2,127,,,0,
429,0.7375,14.3078125,0.0390625,80,0.983333333333333, 19.0770833333333,name 3a,,Note On,,10,b2,127,,,0.754687499999999,
430,0.0390625,14.346875,0,80,0.0520833333333333, 19.1291666666667,name 3a,,Note Off,,10,b2,127,,,0,
452,0.715625,15.0625,0.0359374999999993,80,0.954166666666667, 20.0833333333333,name 3a,,Note On,,10,b2,127,,,0.745312500000001,
453,0.0359375,15.0984375,0,80,0.0479166666666667, 20.13125,name 3a,,Note Off,,10,b2,127,,,0,
474,0.709375,15.8078125,0.0343749999999989,80,0.945833333333333, 21.0770833333333,name 3a,,Note On,,10,b2,127,,,0.764062499999998,
475,0.034375,15.8421875,0,80,0.0458333333333333, 21.1229166666667,name 3a,,Note Off,,10,b2,127,,,0,
497,0.7296875,16.571875,0.0343750000000007,80,0.972916666666667, 22.0958333333333,name 3a,,Note On,,10,b2,127,,,0.693750000000001,
498,0.034375,16.60625,0,80,0.0458333333333333, 22.1416666666667,name 3a,,Note Off,,10,b2,127,,,0,
518,0.659375,17.265625,0.0296875000000014,80,0.879166666666667, 23.0208333333333,name 3a,,Note On,,10,b2,127,,,0.740625000000001,
519,0.0296875,17.2953125,0,80,0.0395833333333333, 23.0604166666667,name 3a,,Note Off,,10,b2,127,,,0,
540,0.7109375,18.00625,0.0281249999999993,80,0.947916666666667, 24.0083333333333,name 3a,,Note On,,10,b2,127,,,0.690624999999997,
541,0.028125,18.034375,0,80,0.0375, 24.0458333333333,name 3a,,Note Off,,10,b2,127,,,0,
561,0.6625,18.696875,0.0343750000000007,80,0.883333333333333, 24.9291666666667,name 3a,,Note On,,10,b2,127,,,0.682812500000001,
562,0.034375,18.73125,0,80,0.0458333333333333, 24.975,name 3a,,Note Off,,10,b2,127,,,0,
581,0.6484375,19.3796875,0.03125,80,0.864583333333333, 25.8395833333333,name 3a,,Note On,,10,b2,127,,,0.787500000000001,
582,0.03125,19.4109375,0,80,0.0416666666666667, 25.88125,name 3a,,Note Off,,10,b2,127,,,0,
605,0.75625,20.1671875,0.0359374999999993,80,1.00833333333333, 26.8895833333333,name 3a,,Note On,,10,b2,127,,,0.765625,
606,0.0359375,20.203125,0,80,0.0479166666666667, 26.9375,name 3a,,Note Off,,10,b2,127,,,0,
628,0.7296875,20.9328125,0.0328124999999986,80,0.972916666666667, 27.9104166666667,name 3a,,Note On,,10,b2,127,,,0.732812499999998,
629,0.0328125,20.965625,0,80,0.04375, 27.9541666666667,name 3a,,Note Off,,10,b2,127,,,0,
650,0.7,21.665625,0.0359375000000028,80,0.933333333333333, 28.8875,name 3a,,Note On,,10,b2,127,,,0.751562500000002,
651,0.0359375,21.7015625,0,80,0.0479166666666667, 28.9354166666667,name 3a,,Note Off,,10,b2,127,,,0,
673,0.715625,22.4171875,0.0546875,80,0.954166666666667, 29.8895833333333,name 3a,,Note On,,10,b2,127,,,0.731249999999999,
674,0.0546875,22.471875,0,80,0.0729166666666667, 29.9625,name 3a,,Note Off,,10,b2,127,,,0,
694,0.6765625,23.1484375,0.0546875,80,0.902083333333333, 30.8645833333333,name 3a,,Note On,,10,b2,127,,,0.739062499999999,
696,0.0546875,23.203125,0,80,0.0729166666666667, 30.9375,name 3a,,Note Off,,10,b2,127,,,0,
717,0.684375,23.8875,0.0421875000000007,80,0.9125, 31.85,name 3a,,Note On,,10,b2,127,,,0.7265625,
718,0.0421875,23.9296875,0,80,0.05625, 31.90625,name 3a,,Note Off,,10,b2,127,,,0,
738,0.684375,24.6140625,0.0234375,80,0.9125, 32.81875,name 3a,,Note On,,10,b2,127,,,0.748437500000001,
739,0.0234375,24.6375,0,80,0.03125, 32.85,name 3a,,Note Off,,10,b2,127,,,0,
761,0.725,25.3625,0.0437499999999993,80,0.966666666666667, 33.8166666666667,name 3a,,Note On,,10,b2,96,,,0.7421875,
762,0.04375,25.40625,0,80,0.0583333333333333, 33.875,name 3a,,Note Off,,10,b2,127,,,0,
783,0.6984375,26.1046875,0.0359374999999993,80,0.93125, 34.80625,name 3a,,Note On,,10,b2,127,,,0.721875000000001,
784,0.0359375,26.140625,0,80,0.0479166666666667, 34.8541666666667,name 3a,,Note Off,,10,b2,127,,,0,
805,0.6859375,26.8265625,0.0531249999999979,80,0.914583333333333, 35.76875,name 3a,,Note On,,10,b2,106,,,0.714062499999997,
806,0.053125,26.8796875,0,80,0.0708333333333333, 35.8395833333333,name 3a,,Note Off,,10,b2,127,,,0,
826,0.6609375,27.540625,0.0593750000000028,80,0.88125, 36.7208333333333,name 3a,,Note On,,10,b2,127,,,0.745312500000001,
828,0.059375,27.6,0,80,0.0791666666666667, 36.8,name 3a,,Note Off,,10,b2,127,,,0,
849,0.6859375,28.2859375,0.0343750000000007,80,0.914583333333333, 37.7145833333333,name 3a,,Note On,,10,b2,127,,,0.793749999999999,
850,0.034375,28.3203125,0,80,0.0458333333333333, 37.7604166666667,name 3a,,Note Off,,10,b2,127,,,0,
872,0.759375,29.0796875,0.0281250000000028,80,1.0125, 38.7729166666667,name 3a,,Note On,,10,b2,87,,,0.787500000000001,
873,0.028125,29.1078125,0,80,0.0375, 38.8104166666667,name 3a,,Note Off,,10,b2,127,,,0,
896,0.759375,29.8671875,0.0281249999999993,80,1.0125, 39.8229166666667,name 3a,,Note On,,10,b2,127,,,0.737500000000001,
897,0.028125,29.8953125,0,80,0.0375, 39.8604166666667,name 3a,,Note Off,,10,b2,127,,,0,
918,0.709375,30.6046875,0.0500000000000007,80,0.945833333333333, 40.80625,name 3a,,Note On,,10,b2,127,,,0.712499999999999,
920,0.05,30.6546875,0,80,0.0666666666666667, 40.8729166666667,name 3a,,Note Off,,10,b2,127,,,0,
940,0.6625,31.3171875,0.0390625,80,0.883333333333333, 41.75625,name 3a,,Note On,,10,b2,44,,,0.676562499999999,
941,0.0390625,31.35625,0,80,0.0520833333333333, 41.8083333333333,name 3a,,Note Off,,10,b2,127,,,0,
960,0.6375,31.99375,0.0500000000000043,80,0.85, 42.6583333333333,name 3a,,Note On,,10,b2,110,,,0.709375000000001,
961,0.05,32.04375,0,80,0.0666666666666667, 42.725,name 3a,,Note Off,,10,b2,127,,,0,
981,0.659375,32.703125,0.0390625,80,0.879166666666667, 43.6041666666667,name 3a,,Note On,,10,b2,111,,,0.681249999999999,
982,0.0390625,32.7421875,0,80,0.0520833333333333, 43.65625,name 3a,,Note Off,,10,b2,127,,,0,
1002,0.6421875,33.384375,0.0375000000000014,80,0.85625, 44.5125,name 3a,,Note On,,10,b2,114,,,0.798437499999999,
1003,0.0375,33.421875,0,80,0.05, 44.5625,name 3a,,Note Off,,10,b2,127,,,0,
1025,0.7609375,34.1828125,0.0234375,80,1.01458333333333, 45.5770833333333,name 3a,,Note On,,10,b2,70,,,0.670312500000001,
1026,0.0234375,34.20625,0,80,0.03125, 45.6083333333333,name 3a,,Note Off,,10,b2,127,,,0,
1046,0.646875,34.853125,0.0515625000000028,80,0.8625, 46.4708333333333,name 3a,,Note On,,10,b2,75,,,0.704687499999999,
1047,0.0515625,34.9046875,0,80,0.06875, 46.5395833333333,name 3a,,Note Off,,10,b2,127,,,0,
1067,0.653125,35.5578125,0.0484375000000057,80,0.870833333333333, 47.4104166666667,name 3a,,Note On,,10,b2,61,,,0.731250000000003,
1068,0.0484375,35.60625,0,80,0.0645833333333333, 47.475,name 3a,,Note Off,,10,b2,127,,,0,
1089,0.6828125,36.2890625,0.0406249999999986,80,0.910416666666667, 48.3854166666667,name 3a,,Note On,,10,b2,93,,,0.703125,
1090,0.040625,36.3296875,0,80,0.0541666666666667, 48.4395833333333,name 3a,,Note Off,,10,b2,127,,,0,
1110,0.6625,36.9921875,0.0328124999999986,80,0.883333333333333, 49.3229166666667,name 3a,,Note On,,10,b2,96,,,0.671875,
1111,0.0328125,37.025,0,80,0.04375, 49.3666666666667,name 3a,,Note Off,,10,b2,127,,,0,
1130,0.6390625,37.6640625,0.0390625,80,0.852083333333333, 50.21875,name 3a,,Note On,,10,b2,98,,,0.674999999999997,
1131,0.0390625,37.703125,0,80,0.0520833333333333, 50.2708333333334,name 3a,,Note Off,,10,b2,127,,,0,
1150,0.6359375,38.3390625,0.0531250000000014,80,0.847916666666667, 51.11875,name 3a,,Note On,,10,b2,127,,,0.637500000000003,
1152,0.053125,38.3921875,0,80,0.0708333333333333, 51.1895833333334,name 3a,,Note Off,,10,b2,127,,,0,
1169,0.584375,38.9765625,0.0499999999999972,80,0.779166666666667, 51.96875,name 3a,,Note On,,10,b2,119,,,0.771875000000001,
1171,0.05,39.0265625,0,80,0.0666666666666667, 52.0354166666667,name 3a,,Note Off,,10,b2,127,,,0,
1192,0.721875,39.7484375,0.0453125000000014,80,0.9625, 52.9979166666667,name 3a,,Note On,,10,b2,120,,,0.623437500000001,
1194,0.0453125,39.79375,0,80,0.0604166666666667, 53.0583333333334,name 3a,,Note Off,,10,b2,127,,,0,
1211,0.578125,40.371875,0.0593749999999957,80,0.770833333333333, 53.8291666666667,name 3a,,Note On,,10,b2,119,,,0.717187499999994,
1213,0.059375,40.43125,0,80,0.0791666666666667, 53.9083333333334,name 3a,,Note Off,,10,b2,127,,,0,
1233,0.6578125,41.0890625,0.0656250000000043,80,0.877083333333333, 54.7854166666667,name 3a,,Note On,,10,b2,50,,,0,
1235,0.065625,41.1546875,0,80,0.0875, 54.8729166666667,name 3a,,Note Off,,10,b2,127,,,0,
1235,0,41.1546875,0,80,0, 54.8729166666667,name 3a,,End of Track,,,c0,,,,0,
